1.950966
,
1.808313
,
1.908266
,
1.943715
,
1.992055
,
1.9985
,
2.026698
,
2.021059
,
2.062147
,
2.081534
,
2.101675
,
2.050062
,
2.083951
,
2.055702
,
2.040395
,
2.127457
,
2.114566
,
2.133096
,
2.109732
,
2.104092
,
2.134708
,
2.14357
,
2.122623
,
2.183048
,
2.171768
,
2.130679
,
2.148404
,
2.149209
,
2.217691
,
2.141958
,
2.130679
,
2.110538
,
2.040395
,
2.054897
,
2.107315
,
2.110538
,
2.054091
,
2.043617
,
2.1194
,
2.083145
,
2.066226
,
2.140347
,
2.122623
,
2.001723
,
1.9985
,
1.978358
,
1.963051
,
2.060536
,
1.963051
,
2.021059
,
2.050062
,
2.106509
,
2.075894
,
2.003334
,
2.01703
,
1.945326
,
1.942909
,
2.050868
,
2.091202
,
2.0767
,
2.06542
,
2.098453
,
2.090396
,
2.100064
,
2.153238
,
2.118594
,
1.975136
,
1.934047
,
1.993666
,
1.987221
,
2.05248
,
2.053285
,
2.019447
,
2.071866
,
2.004945
,
2.033144
,
2.122623
,
2.10087
,
2.208023
,
2.117789
,
2.087173
,
2.092007
,
2.044423
,
2.047646
,
2.0412
,
2.083145
,
2.080728
,
2.127457
,
2.146793
,
2.131485
,
2.008168
,
1.9558
,
2.037172
,
1.957411
,
2.07106
,
2.166128
,
2.153238
,
2.141153
,
2.100064
,
2.096036
,
2.035561
,
1.988832
,
2.009779
,
2.053285
,
2.003334
,
2.062147
,
1.973524
,
1.996889
,
1.930824
,
2.046034
,
2.026698
,
2.023476
,
2.075894
,
2.103287
,
2.096841
,
2.075089
,
2.020253
,
2.061342
,
2.037172
,
2.097647
,
2.195132
,
2.169351
,
2.211246
,
2.109732
,
2.149209
,
2.0767
,
2.01703
,
2.007362
,
1.977553
,
2.027504
,
2.020253
,
2.129068
,
2.232999
,
2.175797
,
2.199161
,
2.199966
,
2.139542
,
2.08959
,
2.063004
,
2.011391
,
2.003334
,
2.001723
,
2.008974
,
2.039589
,
2.198355
,
2.098453
,
2.049257
,
2.084756
,
1.925185
,
1.973524
,
2.011391
,
2.013002
,
2.078311
,
2.030727
,
2.063809
,
2.046034
,
2.08234
,
2.069449
,
2.126651
,
2.203995
,
2.086368
,
2.070255
,
1.990443
,
2.020253
,
2.040395
,
2.081534
,
2.033949
,
2.101675
,
2.093619
,
2.05248
,
2.031532
,
2.021864
,
2.014613
,
1.967885
,
2.050868
,
2.059731
,
2.019447
,
2.051674
,
2.084756
,
2.112149
,
2.048451
,
2.05248
,
1.924379
,
2.040395
,
2.021864
,
2.008168
,
2.05248
,
2.096036
,
2.062147
,
2.100064
,
2.054091
,
2.077505
,
1.981581
,
2.029115
,
1.967885
,
1.942909
,
1.96869
,
1.869594
,
1.927602
,
