1.962245
,
1.814758
,
1.897792
,
1.979164
,
1.880067
,
1.757556
,
1.679407
,
1.795422
,
2.042812
,
2.278166
,
3.087204
,
3.29995
,
3.29995
,
3.29995
,
3.083981
,
2.37404
,
1.778503
,
1.561729
,
1.736609
,
2.166128
,
2.243472
,
2.129068
,
2.175797
,
2.000111
,
1.938075
,
2.353899
,
3.003415
,
3.171043
,
3.094505
,
2.724605
,
2.49494
,
2.303142
,
2.436882
,
2.4893
,
2.523138
,
2.373235
,
2.127457
,
1.932436
,
1.764001
,
1.410214
,
1.492442
,
1.837317
,
2.1621
,
2.200772
,
2.247501
,
2.104898
,
1.994472
,
1.946132
,
1.527892
,
1.427133
,
1.199885
,
1.121736
,
1.104012
,
1.162019
,
1.262778
,
1.874428
,
2.717354
,
3.033224
,
2.87043
,
2.578729
,
2.08234
,
1.730164
,
1.589122
,
1.64713
,
1.65282
,
1.475523
,
1.714856
,
2.262002
,
2.800337
,
2.99133
,
2.765694
,
2.435271
,
2.61015
,
2.71252
,
2.549725
,
2.533612
,
2.61015
,
2.644794
,
2.421574
,
1.940492
,
1.643101
,
1.456993
,
1.380405
,
1.195857
,
1.110457
,
1.378793
,
1.813953
,
2.021059
,
2.493329
,
2.910764
,
2.897067
,
3.006638
,
3.29995
,
3.29995
,
3.29995
,
2.953464
,
2.157266
,
1.356235
,
0.8928772
,
1.286142
,
2.12504
,
2.405461
,
2.053285
,
1.197469
,
0.628569
,
1.233723
,
2.34987
,
2.96716
,
2.963132
,
2.701241
,
2.334563
,
2.170157
,
2.189493
,
2.183048
,
2.168545
,
2.026698
,
1.934853
,
1.902626
,
1.985609
,
2.184659
,
2.28864
,
2.299114
,
2.74958
,
2.921237
,
2.733467
,
2.093619
,
1.650403
,
1.326425
,
1.232918
,
1.440024
,
1.610069
,
1.801062
,
2.029115
,
2.140347
,
2.242666
,
2.185464
,
2.117789
,
2.142764
,
2.011391
,
2.050062
,
2.526361
,
2.889011
,
2.787446
,
2.56745
,
2.233804
,
2.033144
,
2.012196
,
1.992055
,
1.817981
,
1.661682
,
1.539171
,
1.528697
,
1.701965
,
1.826038
,
1.771252
,
1.768835
,
1.847791
,
2.357927
,
2.784224
,
2.676214
,
2.471525
,
2.369206
,
2.414323
,
2.601288
,
2.561005
,
2.428825
,
2.174991
,
1.945326
,
1.740637
,
1.703577
,
1.725329
,
1.677795
,
1.765613
,
2.050062
,
2.609344
,
3.080759
,
3.234691
,
3.132371
,
2.786641
,
2.33698
,
2.112955
,
1.882484
,
1.626183
,
1.476329
,
1.351401
,
1.478746
,
1.568175
,
1.734192
,
1.793811
,
1.803479
,
2.217691
,
2.556976
,
2.528778
,
2.304753
,
2.063004
,
1.86476
,
1.73822
,
1.725329
,
1.672156
,
1.552061
,
1.615709
,
1.553673
,
1.597179
,
1.672961
,
1.692297
,
1.707605
,
1.878456
,
2.449773
,
2.787446
,
2.73669
,
2.545697
,
2.327312
,
2.146793
,
2.056508
,
2.004945
,
1.86476
,
1.722107
,
1.626183
,
1.6286
,
1.725329
,
1.807507
,
1.796228
,
1.947743
,
2.534418
,
2.957492
,
3.071091
,
2.873653
,
2.639154
,
2.316032
,
2.243472
,
2.004945
,
1.793811
,
1.634239
,
1.510167
,
1.380405
,
1.477135
,
1.566563
,
1.594762
,
1.597984
,
2.075894
,
2.631903
,
2.752803
,
2.729439
,
2.702046
,
2.509442
,
2.376457
,
2.33698
,
2.260391
,
1.969496
,
1.861537
,
1.758362
,
1.735803
,
1.707605
,
1.659265
,
1.614098
,
1.799451
,
2.281389
,
2.807588
,
2.923654
,
2.781807
,
2.50058
,
2.200772
,
1.847791
,
1.815564
,
1.662488
,
1.533531
,
1.530308
,
1.377988
,
1.394101
,
1.457799
,
1.553673
,
1.620543
,
1.664905
,
2.067837
,
2.63432
,
3.023556
,
3.00422
,
2.799531
,
2.462663
,
2.22897
,
2.090396
,
1.891347
,
1.801062
,
1.734192
,
1.799451
,
2.278972
,
2.142764
,
1.348984
,
0.6809372
,
0.8413147
,
1.802673
,
2.980051
,
3.29995
,
3.29995
,
3.29995
,
2.562616
,
1.833289
,
1.48358
,
1.387656
,
1.416659
,
1.621348
,
1.880067
,
1.865565
,
1.164436
,
0.4117447
,
0.05961914
,
0.05397949
,
0.2917007
,
0.8074265
,
1.751111
,
2.765694
,
3.095311
,
2.896261
,
2.491718
,
2.217691
,
2.224136
,
2.329729
,
2.317644
,
2.021059
,
1.729358
,
1.68988
,
1.471495
,
1.583482
,
1.941298
,
2.318449
,
2.651239
,
2.817256
,
2.801143
,
2.569061
,
3.29995
,
3.29995
,
3.29995
,
3.064645
,
2.483661
,
2.272527
,
2.078311
,
2.040395
,
1.852625
,
1.551256
,
1.292587
,
1.238608
,
1.432773
,
1.661682
,
1.650403
,
1.638268
,
1.573009
,
1.59315
,
1.581871
,
1.591539
,
2.251529
,
2.96152
,
3.102562
,
2.760054
,
2.299919
,
2.008168
,
1.88329
,
2.067032
,
2.205606
,
2.156461
,
1.939687
,
1.694714
,
1.48358
,
1.462633
,
1.576231
,
1.93727
,
2.213663
,
2.369206
,
2.411101
,
2.922043
,
